A20260801;;17;;6;;0;;0;;1
1;;A2026073183202I;;352533570823579;;20260731;;20260731
1;;A2026073183204I;;861022076262429;;20260731;;20260731
1;;A2026073183205I;;866038078437889;;20260731;;20260731
1;;A2026080183208I;;866614079680220;;20260801;;20260801
1;;A2026080183209I;;354096988001822;;20260731;;20260731
1;;A2026080183210I;;868673073520731;;20260731;;20260731
1;;A2026080183211I;;868903066844172;;20260801;;20260801
1;;A2026080183212I;;868699075502583;;20260801;;20260801
1;;A2026080183213I;;352681235258606;;20260801;;20260801
1;;A2026080183214I;;351955440517639;;20260801;;20260801
1;;A2026080183215I;;867468063982863;;20260801;;20260801
1;;A2026080183216I;;357694988931167;;20260801;;20260801
1;;A2026080183217I;;355149498709985;;20260731;;20260731
1;;A2026080183218I;;357233151107485;;20260801;;20260801
1;;A2026080183219I;;352804341885381;;20260701;;20260701
1;;A2026080183223I;;863215080170830;;20260801;;20260801
1;;A2026080183224I;;350912509133775;;20260801;;20260801
2;;A2026073183200E;;A2026071482059I;;354096988125233
2;;A2026073183201E;;A2026071682193I;;869323077909741
2;;A2026073183203E;;A2026062381175I;;350117735870436
2;;A2026073183206E;;A2026071682210I;;864846071459862
2;;A2026073183207E;;A2026072883023I;;358361789060633
2;;A2026080183222E;;A2025080965648I;;358547325567053
