A20260731;;45;;5;;437;;2;;1
1;;A2026073083139I;;350337171990981;;20260730;;20260730
1;;A2026073083141I;;358759852131118;;20260730;;20260730
1;;A2026073083142I;;353852883700475;;20260730;;20260729
1;;A2026073083144I;;869396087313914;;20260730;;20260730
1;;A2026073083145I;;352230905926017;;20260731;;20260731
1;;A2026073083146I;;863791070890199;;20260730;;20260730
1;;A2026073083147I;;863791070877493;;20260730;;20260730
1;;A2026073083148I;;352596762823509;;20260731;;20260731
1;;A2026073183149I;;354321591405008;;00260731;;00260731
1;;A2026073183150I;;355835644656340;;20260731;;20260731
1;;A2026073183154I;;354680903809169;;20260731;;20260729
1;;A2026073183155I;;355698113018917;;20260731;;20260731
1;;A2026073183156I;;869956075367394;;20260731;;20260731
1;;A2026073183157I;;354256838360857;;20260716;;20260712
1;;A2026073183158I;;354200618163388;;20260701;;20260701
1;;A2026073183160I;;354935418618830;;20260731;;20260730
1;;A2026073183161I;;354321590613461;;20260731;;20260731
1;;A2026073183162I;;352148323032194;;20260731;;20260731
1;;A2026073183171I;;357536856892742;;20260731;;20260731
1;;A2026073183172I;;357054883674232;;20260731;;20260731
1;;A2026073183173I;;864846071304159;;20260731;;20260731
1;;A2026073183174I;;359922297873582;;20260731;;20260731
1;;A2026073183175I;;356790846190805;;20260731;;20260731
1;;A2026073183176I;;350922944305540;;20260731;;20260731
1;;A2026073183177I;;355162997566657;;20260731;;20260731
1;;A2026073183178I;;350872360573222;;20260731;;20260731
1;;A2026073183179I;;866133078750702;;20260731;;20260731
1;;A2026073183180I;;350046303102742;;20260731;;20260731
1;;A2026073183181I;;867038081220743;;20260731;;20260731
1;;A2026073183182I;;352464909066781;;20260731;;20260731
1;;A2026073183183I;;353173585252826;;20260731;;20260731
1;;A2026073183184I;;350042796138582;;20260731;;20260731
1;;A2026073183185I;;359609723401696;;20260731;;20260731
1;;A2026073183186I;;358057597306800;;20260731;;20260724
1;;A2026073183187I;;864451058025024;;20260731;;20260731
1;;A2026073183188I;;353578128198551;;20260731;;20260731
1;;A2026073183189I;;353578128199062;;20260731;;20260731
1;;A2026073183190I;;354451587739670;;20260731;;20260731
1;;A2026073183191I;;351372771308465;;20260731;;20260731
1;;A2026073183192I;;866589062199364;;20260717;;20260717
1;;A2026073183194I;;352094701305176;;20260731;;20260730
1;;A2026073183196I;;353791805041867;;20260731;;20260731
1;;A2026073183197I;;353578121738064;;20260731;;20260731
1;;A2026073183198I;;351728905869872;;20260731;;20260731
1;;A2026073183199I;;357450473610356;;20260731;;20260731
2;;A2026073083140E;;A2026071882357I;;352464903296277
2;;A2026073083143E;;A2026072782917I;;352057760439855
2;;A2026073183153E;;A2026063081467I;;354180794174666
2;;A2026073183159E;;A2026072182654I;;356597455151147
2;;A2026073183193E;;A2026061981013I;;860211042184566
3;;T2026072866824I;;359203509438161;;0
3;;T2026072866825I;;351234169569472;;0
3;;T2026072866826I;;351621983494350;;0
3;;T2026072866827I;;354868696588674;;0
3;;T2026072866890I;;359473647905393;;0
3;;T2026072866891I;;868253054108622;;0
3;;T2026072866892I;;353249723490831;;0
3;;T2026072866893I;;356134153490831;;0
3;;T2026072866894I;;354752862058250;;0
3;;A2026072883034I;;358577781701870;;0
3;;A2026072883035I;;352464904696145;;0
3;;A2026072883036I;;359030886007891;;0
3;;A2026072883037I;;350987077380107;;0
3;;A2026072883038I;;359862248500126;;0
3;;A2026072883039I;;353514357364499;;0
3;;A2026072883040I;;350096143868390;;0
3;;A2026072883041I;;864012076472992;;0
3;;A2026072883042I;;860813044613144;;0
3;;A2026072883043I;;863353045771804;;0
3;;A2026072883044I;;862177082885842;;0
3;;V2026072905482I;;861022077530402;;0
3;;V2026072905500I;;352357388066068;;0
3;;V2026072905507I;;354818842909167;;0
3;;V2026072905508I;;356553932909169;;0
3;;V2026072905509I;;353325479289385;;0
3;;T2026072966895I;;864336062163798;;0
3;;T2026072966896I;;354007338844779;;0
3;;T2026072966897I;;351218526706018;;0
3;;T2026072966898I;;350572411080587;;0
3;;T2026072966899I;;357584540611185;;0
3;;T2026072966900I;;351273096714918;;0
3;;T2026072966901I;;358879689177421;;0
3;;T2026072966902I;;720004800091606;;0
3;;T2026072966903I;;354200611979715;;0
3;;T2026072966905I;;863573087099828;;0
3;;T2026072966906I;;350453402070814;;0
3;;T2026072966907I;;352842935846948;;0
3;;T2026072966908I;;868232075135384;;0
3;;T2026072966910I;;357504958567075;;0
3;;T2026072966911I;;350059631372689;;0
3;;T2026072966912I;;860359071662406;;0
3;;T2026072966913I;;352292536806752;;0
3;;T2026072966914I;;352852880051451;;0
3;;T2026072966915I;;351693549974712;;0
3;;T2026072966916I;;350798025324570;;0
3;;T2026072966917I;;356737688539136;;0
3;;T2026072966918I;;355233084368222;;0
3;;T2026072966919I;;350019156956225;;0
3;;T2026072966920I;;355488189255183;;0
3;;T2026072966921I;;356150805795708;;0
3;;T2026072966922I;;356908911573321;;0
3;;T2026072966923I;;351253394044218;;0
3;;T2026072966926I;;990017700737956;;0
3;;T2026072966927I;;999908040534007;;0
3;;T2026072966928I;;353008931687145;;0
3;;T2026072966929I;;356722738896579;;0
3;;T2026072966931I;;866492080817309;;0
3;;T2026072966932I;;866492080817317;;0
3;;T2026072966933I;;351459297065974;;0
3;;T2026072966936I;;863784070461517;;0
3;;T2026072966937I;;351080470129088;;0
3;;T2026072966938I;;353810485322189;;0
3;;T2026072966939I;;865889089239925;;0
3;;T2026072966940I;;350702722483127;;0
3;;T2026072966941I;;358080224231969;;0
3;;T2026072966942I;;350906454714688;;0
3;;T2026072966943I;;359555172260697;;0
3;;T2026072966944I;;356580794326554;;0
3;;T2026072966945I;;352406916733515;;0
3;;T2026072966946I;;355146936819988;;0
3;;T2026072966947I;;720006000276051;;0
3;;T2026072966948I;;353463672969501;;0
3;;T2026072966949I;;354454474497717;;0
3;;T2026072966950I;;354454474493955;;0
3;;T2026072966951I;;720004690000584;;0
3;;T2026072966952I;;356116127737215;;0
3;;T2026072966953I;;356523765564274;;0
3;;T2026072966954I;;356116129776591;;0
3;;T2026072966955I;;351137200055601;;0
3;;T2026072966956I;;354454475102308;;0
3;;T2026072966957I;;869163078787658;;0
3;;T2026072966958I;;866915087796845;;0
3;;T2026072966959I;;357955143861080;;0
3;;T2026072966960I;;867658086813745;;0
3;;T2026072966961I;;354380325427597;;0
3;;T2026072966962I;;354380325422101;;0
3;;T2026072966963I;;350630603971557;;0
3;;T2026072966964I;;720006000301289;;0
3;;T2026072966965I;;358782865579669;;0
3;;T2026072966966I;;860247075614970;;0
3;;T2026072966967I;;720006000218319;;0
3;;T2026072966968I;;352188530078895;;0
3;;T2026072966969I;;352760491654987;;0
3;;T2026072966970I;;352188193536932;;0
3;;T2026072966971I;;351690221420626;;0
3;;T2026072966972I;;720003300200006;;0
3;;T2026072966973I;;353794239627327;;0
3;;T2026072966974I;;358729278422565;;0
3;;T2026072966975I;;351954630109919;;0
3;;T2026072966976I;;351137200035546;;0
3;;T2026072966977I;;351137200034713;;0
3;;T2026072966978I;;720001440439872;;0
3;;T2026072966979I;;861513083507095;;0
3;;T2026072966980I;;866915087920049;;0
3;;T2026072966981I;;351690223822571;;0
3;;T2026072966982I;;860247075605432;;0
3;;T2026072966983I;;869081073459752;;0
3;;T2026072966984I;;351690223793111;;0
3;;T2026072966985I;;357065615799071;;0
3;;T2026072966986I;;352188530080305;;0
3;;T2026072966987I;;867658086785844;;0
3;;T2026072966988I;;720000960447000;;0
3;;T2026072966989I;;354380325438941;;0
3;;T2026072966990I;;354380325434395;;0
3;;T2026072966991I;;354380325437844;;0
3;;T2026072966992I;;354380325434122;;0
3;;T2026072966993I;;354246511872195;;0
3;;T2026072966994I;;351478613414500;;0
3;;T2026072966995I;;353441699877154;;0
3;;T2026072966996I;;351478613419236;;0
3;;T2026072966997I;;354200619362328;;0
3;;T2026072966998I;;351478613416968;;0
3;;T2026072966999I;;354454475108834;;0
3;;T2026072967000I;;720004980001458;;0
3;;T2026072967001I;;720006000465365;;0
3;;T2026072967002I;;358782865142674;;0
3;;T2026072967003I;;358782865240478;;0
3;;T2026072967004I;;720004550045158;;0
3;;T2026072967005I;;351690223793582;;0
3;;T2026072967006I;;353510846256148;;0
3;;T2026072967007I;;354710610331338;;0
3;;T2026072967008I;;356182204990994;;0
3;;T2026072967009I;;356182204981191;;0
3;;T2026072967010I;;354454475100021;;0
3;;T2026072967011I;;351872703006764;;0
3;;T2026072967012I;;359867889522222;;0
3;;T2026072967013I;;355354870214212;;0
3;;T2026072967014I;;720002660004800;;0
3;;T2026072967015I;;350466679217769;;0
3;;T2026072967016I;;350276231368913;;0
3;;T2026072967017I;;355427841011782;;0
3;;T2026072967018I;;355427840965863;;0
3;;T2026072967019I;;355427840954511;;0
3;;T2026072967020I;;350906455074322;;0
3;;T2026072967021I;;358051162615539;;0
3;;T2026072967022I;;350906454990700;;0
3;;T2026072967023I;;720002950496559;;0
3;;T2026072967024I;;720002950485123;;0
3;;T2026072967025I;;355427840965905;;0
3;;T2026072967026I;;350276231383029;;0
3;;T2026072967027I;;350276231371172;;0
3;;T2026072967028I;;350276231361579;;0
3;;T2026072967029I;;350276231376858;;0
3;;T2026072967030I;;350276231382450;;0
3;;T2026072967031I;;350276232135543;;0
3;;T2026072967032I;;350276231363625;;0
3;;T2026072967033I;;350276231376601;;0
3;;T2026072967034I;;354180798585172;;0
3;;T2026072967035I;;354180798572287;;0
3;;T2026072967036I;;357550248238233;;0
3;;T2026072967037I;;720006000357869;;0
3;;T2026072967038I;;357536857097002;;0
3;;T2026072967039I;;358247232995568;;0
3;;T2026072967040I;;720002360058197;;0
3;;T2026072967041I;;720002950507512;;0
3;;T2026072967042I;;354710616906968;;0
3;;T2026072967043I;;354380325423232;;0
3;;T2026072967044I;;352355702869902;;0
3;;T2026072967045I;;350276231370828;;0
3;;T2026072967046I;;354454475105442;;0
3;;T2026072967047I;;720006000372892;;0
3;;T2026072967048I;;720004660004871;;0
3;;T2026072967049I;;358190682800609;;0
3;;T2026072967050I;;720006000466058;;0
3;;T2026072967051I;;720006000474300;;0
3;;T2026072967052I;;351690223098362;;0
3;;T2026072967053I;;359620574925295;;0
3;;T2026072967054I;;350906456979529;;0
3;;T2026072967055I;;720006000219481;;0
3;;T2026072967056I;;867038083105108;;0
3;;T2026072967057I;;355201221965457;;0
3;;T2026072967058I;;351690223811442;;0
3;;T2026072967059I;;867038082782048;;0
3;;T2026072967060I;;351536164331850;;0
3;;T2026072967061I;;351298452273084;;0
3;;T2026072967062I;;351690223813877;;0
3;;T2026072967063I;;720006000465704;;0
3;;T2026072967064I;;861197088483740;;0
3;;T2026072967065I;;720004990006539;;0
3;;T2026072967066I;;720006000466025;;0
3;;T2026072967067I;;357330776752008;;0
3;;T2026072967068I;;720002950502455;;0
3;;T2026072967069I;;720004150122969;;0
3;;T2026072967070I;;867829081089231;;0
3;;T2026072967071I;;350906456650211;;0
3;;T2026072967072I;;357065613165515;;0
3;;T2026072967073I;;358622906795819;;0
3;;T2026072967074I;;352357384028492;;0
3;;T2026072967075I;;720006000373908;;0
3;;T2026072967076I;;353407739264836;;0
3;;T2026072967077I;;866915086137280;;0
3;;T2026072967078I;;861197088426004;;0
3;;T2026072967079I;;720006000474789;;0
3;;T2026072967080I;;350848295224461;;0
3;;T2026072967081I;;860247075257515;;0
3;;T2026072967082I;;720000830299813;;0
3;;T2026072967083I;;862177081256144;;0
3;;T2026072967084I;;720006000474292;;0
3;;T2026072967085I;;720000830298922;;0
3;;T2026072967086I;;720004150123108;;0
3;;T2026072967087I;;359534171537074;;0
3;;T2026072967088I;;359534171536134;;0
3;;T2026072967089I;;720004150123090;;0
3;;T2026072967090I;;720003550057965;;0
3;;T2026072967091I;;720004150122852;;0
3;;T2026072967092I;;720004150122936;;0
3;;T2026072967093I;;720004150123058;;0
3;;T2026072967094I;;866072080662663;;0
3;;T2026072967095I;;720006000373577;;0
3;;T2026072967096I;;720006000473815;;0
3;;T2026072967097I;;720002530227375;;0
3;;T2026072967098I;;350798027243547;;0
3;;T2026072967099I;;720004470025991;;0
3;;T2026072967100I;;353441699939962;;0
3;;T2026072967101I;;720004200017870;;0
3;;T2026072967102I;;720006000466975;;0
3;;T2026072967103I;;350906456997638;;0
3;;T2026072967104I;;720006000466223;;0
3;;T2026072967105I;;350032512691642;;0
3;;T2026072967106I;;720002580174238;;0
3;;T2026072967107I;;350276231414741;;0
3;;T2026072967108I;;350276231414493;;0
3;;T2026072967109I;;350276231415490;;0
3;;T2026072967110I;;350276231250871;;0
3;;T2026072967111I;;350276232633349;;0
3;;T2026072967112I;;350276232644866;;0
3;;T2026072967113I;;350276232633422;;0
3;;T2026072967114I;;350276232636383;;0
3;;T2026072967115I;;350276232644452;;0
3;;T2026072967116I;;350276231415078;;0
3;;T2026072967117I;;354680909891468;;0
3;;T2026072967118I;;354414559928556;;0
3;;T2026072967119I;;354414559965970;;0
3;;T2026072967120I;;358729278303435;;0
3;;T2026072967121I;;357726900054817;;0
3;;T2026072967122I;;358258285121705;;0
3;;T2026072967123I;;358999520094997;;0
3;;T2026072967124I;;357955143842809;;0
3;;T2026072967125I;;351397405220588;;0
3;;T2026072967126I;;351397405219481;;0
3;;T2026072967127I;;351397405219663;;0
3;;T2026072967128I;;351397405219937;;0
3;;T2026072967129I;;352963348434856;;0
3;;T2026072967130I;;354380325385845;;0
3;;T2026072967131I;;720002550458942;;0
3;;T2026072967132I;;354380325387858;;0
3;;T2026072967133I;;354380325421277;;0
3;;T2026072967134I;;354380325421798;;0
3;;T2026072967135I;;359592143822180;;0
3;;T2026072967136I;;720002550458983;;0
3;;T2026072967137I;;720002550459023;;0
3;;T2026072967138I;;358051162432596;;0
3;;T2026072967139I;;358051162572102;;0
3;;T2026072967140I;;358258285102275;;0
3;;T2026072967141I;;355835642587703;;0
3;;T2026072967142I;;350718261597259;;0
3;;T2026072967143I;;355981446629646;;0
3;;T2026072967144I;;350718264721682;;0
3;;T2026072967145I;;350718264035414;;0
3;;T2026072967146I;;350718265637002;;0
3;;T2026072967147I;;350718264047229;;0
3;;T2026072967148I;;720002950486980;;0
3;;T2026072967149I;;351158671747468;;0
3;;T2026072967150I;;720002950487483;;0
3;;T2026072967151I;;720002950487525;;0
3;;T2026072967152I;;351690221659462;;0
3;;T2026072967153I;;351690221639589;;0
3;;T2026072967154I;;720002950487020;;0
3;;T2026072967155I;;351690221658621;;0
3;;T2026072967156I;;354710619240530;;0
3;;T2026072967157I;;860247075626834;;0
3;;T2026072967158I;;351690221639779;;0
3;;T2026072967159I;;359935526238435;;0
3;;T2026072967160I;;358080224110965;;0
3;;T2026072967161I;;358190682876286;;0
3;;T2026072967162I;;358190687913852;;0
3;;T2026072967163I;;866915086205665;;0
3;;T2026072967164I;;354841603966234;;0
3;;T2026072967165I;;867038083110769;;0
3;;T2026072967166I;;359620570260069;;0
3;;T2026072967167I;;359620570262636;;0
3;;T2026072967168I;;359620570336919;;0
3;;T2026072967169I;;354841603940221;;0
3;;T2026072967170I;;861197088456886;;0
3;;T2026072967171I;;866915085294223;;0
3;;T2026072967172I;;351690222850938;;0
3;;T2026072967173I;;867038083168486;;0
3;;T2026072967174I;;867038082775687;;0
3;;T2026072967175I;;351690222788047;;0
3;;T2026072967176I;;867038083108243;;0
3;;T2026072967177I;;720004800004633;;0
3;;T2026072967178I;;720003700095444;;0
3;;T2026072967179I;;720006000267563;;0
3;;T2026072967180I;;720005010036018;;0
3;;T2026072967181I;;351981674495102;;0
3;;T2026072967182I;;720006000220794;;0
3;;T2026072967183I;;354380325439568;;0
3;;T2026072967184I;;351158679833385;;0
3;;T2026072967185I;;353441699884846;;0
3;;T2026072967186I;;350718260518744;;0
3;;T2026072967187I;;350718265851074;;0
3;;T2026072967188I;;350718264680045;;0
3;;T2026072967189I;;350718265633183;;0
3;;T2026072967190I;;350718263886726;;0
3;;T2026072967191I;;353441699878632;;0
3;;T2026072967192I;;353441699908371;;0
3;;T2026072967193I;;350718261505229;;0
3;;T2026072967194I;;351872703005808;;0
3;;T2026072967195I;;353694968241177;;0
3;;T2026072967196I;;356580794327131;;0
3;;T2026072967197I;;350966326868666;;0
3;;T2026072967198I;;355201221660694;;0
3;;T2026072967199I;;359763920181971;;0
3;;T2026072967200I;;352188954406283;;0
3;;T2026072967201I;;351690221403606;;0
3;;T2026072967202I;;720003300179002;;0
3;;T2026072967203I;;355201221668358;;0
3;;T2026072967204I;;352006892088379;;0
3;;T2026072967205I;;720004200013671;;0
3;;T2026072967206I;;354710619634195;;0
3;;T2026072967207I;;356299333427738;;0
3;;T2026072967208I;;350701773600787;;0
3;;T2026072967209I;;350032510270142;;0
3;;T2026072967210I;;720006000467494;;0
3;;T2026072967211I;;720006000467452;;0
3;;T2026072967212I;;867038083172488;;0
3;;T2026072967213I;;720003900009229;;0
3;;T2026072967214I;;720006000219648;;0
3;;T2026072967215I;;720006000472346;;0
3;;T2026072967216I;;720002360061647;;0
3;;T2026072967217I;;720001990360122;;0
3;;T2026072967218I;;720005010035887;;0
3;;T2026072967219I;;720006000377164;;0
3;;T2026072967220I;;720005250002407;;0
3;;T2026072967221I;;720006000232039;;0
3;;T2026072967222I;;354380325433041;;0
3;;T2026072967223I;;354380325443131;;0
3;;T2026072967224I;;354380325429312;;0
3;;T2026072967225I;;357065615805555;;0
3;;T2026072967226I;;354454475099819;;0
3;;T2026072967227I;;354380325423810;;0
3;;T2026072967228I;;354380325432639;;0
3;;T2026072967229I;;353407738438407;;0
3;;T2026072967230I;;354710618147538;;0
3;;T2026072967231I;;352963349001209;;0
3;;T2026072967232I;;350276232643017;;0
3;;T2026072967233I;;350276232644387;;0
3;;T2026072967234I;;354710619475326;;0
3;;T2026072967235I;;358247233042808;;0
3;;T2026072967236I;;358782865184734;;0
3;;T2026072967237I;;352006893312422;;0
3;;T2026072967238I;;720006000442679;;0
3;;T2026072967239I;;357955143841520;;0
3;;T2026072967240I;;354380325432944;;0
3;;T2026072967241I;;720003400202316;;0
3;;T2026072967242I;;720001990361153;;0
3;;T2026072967243I;;867038083107260;;0
3;;T2026072967244I;;720003940104329;;0
3;;T2026072967245I;;357236863939442;;0
3;;T2026072967246I;;720004610015373;;0
3;;T2026072967247I;;357418835430250;;0
3;;T2026072967248I;;866915086254747;;0
3;;T2026072967249I;;720004940008411;;0
3;;T2026072967250I;;720002950487921;;0
3;;T2026072967251I;;350718265868870;;0
3;;T2026072967252I;;720004470026239;;0
3;;T2026072967253I;;358782865666425;;0
3;;T2026072967254I;;866072081302129;;0
3;;T2026072967255I;;355579669532149;;0
3;;T2026072967256I;;720004150123603;;0
3;;T2026072967257I;;351690222738265;;0
3;;T2026072967258I;;720004150123595;;0
3;;T2026072967259I;;720004150124171;;0
3;;T2026072967260I;;354414559894006;;0
3;;T2026072967261I;;351048913084921;;0
3;;T2026072967263I;;357498195020719;;0
3;;T2026072967264I;;865189075898606;;0
3;;T2026072967265I;;354200610553578;;0
3;;T2026072967266I;;355488189581034;;0
3;;T2026072967267I;;867340058166473;;0
3;;T2026072967268I;;350798025329124;;0
3;;T2026072967269I;;354589361372414;;0
3;;T2026072967270I;;861060051417683;;0
3;;T2026072967272I;;355258096430421;;0
3;;T2026072967273I;;350702722480925;;0
3;;Y2026072977333I;;351621981005695;;0
3;;Y2026072977334I;;353578121646515;;0
3;;Y2026072977335I;;354832311646515;;0
3;;Y2026072977336I;;355542332666322;;0
3;;Y2026072977337I;;356661407935674;;0
3;;Y2026072977338I;;352619275185107;;0
3;;Y2026072977339I;;353418632831167;;0
3;;Y2026072977340I;;353418632924566;;0
3;;Y2026072977341I;;353692995181051;;0
3;;A2026072983045I;;353989105373283;;0
3;;A2026072983046I;;860791071995032;;0
3;;A2026072983047I;;351393985245491;;0
3;;A2026072983048I;;351971368966252;;0
3;;A2026072983049I;;352094708862658;;0
3;;A2026072983050I;;356449701229675;;0
3;;A2026072983051I;;359935523697898;;0
3;;A2026072983054I;;357311283740280;;0
3;;A2026072983055I;;865955071920440;;0
3;;A2026072983056I;;865292083761764;;0
3;;A2026072983059I;;353791802304136;;0
3;;A2026072983060I;;860253061963561;;0
3;;A2026072983061I;;860253061963579;;0
3;;A2026072983062I;;350003569508583;;0
3;;A2026072983063I;;869229082133575;;0
3;;A2026072983064I;;352336428378642;;0
3;;A2026072983065I;;353227410502498;;0
3;;A2026072983066I;;356722734889016;;0
3;;A2026072983067I;;356597459474875;;0
3;;A2026072983068I;;869396084669086;;0
3;;A2026072983069I;;350204502539368;;0
3;;A2026072983070I;;356278288353602;;0
3;;A2026072983071I;;354710613166434;;0
3;;A2026072983072I;;350346897262245;;0
3;;A2026072983073I;;357903258660277;;0
3;;A2026072983074I;;354321594810725;;0
3;;A2026072983075I;;865366055199086;;0
3;;A2026072983076I;;359339512236257;;0
3;;A2026072983079I;;350634602020564;;0
3;;A2026072983080I;;354246517637428;;0
3;;A2026072983084I;;351397401119164;;0
3;;A2026072983085I;;356597453858594;;0
3;;A2026072983087I;;350466674529002;;0
4;;T2026072966924E;;867824076440226;;0
4;;A2026072983086E;;352688834537777;;0
