A20260729;;44;;1;;130;;7;;1
1;;A2026072883034I;;358577781701870;;20260728;;20260726
1;;A2026072883035I;;352464904696145;;20260728;;20260728
1;;A2026072883036I;;359030886007891;;20260726;;20260626
1;;A2026072883037I;;350987077380107;;20260728;;20260728
1;;A2026072883038I;;359862248500126;;20260728;;20260728
1;;A2026072883039I;;353514357364499;;20260728;;20260728
1;;A2026072883040I;;350096143868390;;20260714;;20260709
1;;A2026072883041I;;864012076472992;;20260728;;20260728
1;;A2026072883042I;;860813044613144;;20260728;;20260728
1;;A2026072883043I;;863353045771804;;20260728;;20260728
1;;A2026072883044I;;862177082885842;;20260729;;20260729
1;;A2026072983045I;;353989105373283;;20260729;;20260729
1;;A2026072983046I;;860791071995032;;20260729;;20260729
1;;A2026072983047I;;351393985245491;;20260729;;20260729
1;;A2026072983048I;;351971368966252;;20260729;;20260729
1;;A2026072983049I;;352094708862658;;20260729;;20260729
1;;A2026072983050I;;356449701229675;;20260729;;20260729
1;;A2026072983051I;;359935523697898;;20260729;;20260729
1;;A2026072983054I;;357311283740280;;20260729;;20260729
1;;A2026072983055I;;865955071920440;;20260728;;20260728
1;;A2026072983056I;;865292083761764;;20260729;;20260729
1;;A2026072983059I;;353791802304136;;20260728;;20260728
1;;A2026072983060I;;860253061963561;;20260602;;20260602
1;;A2026072983061I;;860253061963579;;20260602;;20260620
1;;A2026072983062I;;350003569508583;;20260724;;20260723
1;;A2026072983063I;;869229082133575;;20260729;;20260729
1;;A2026072983064I;;352336428378642;;20260729;;20260729
1;;A2026072983065I;;353227410502498;;20260729;;20260729
1;;A2026072983066I;;356722734889016;;20260729;;20260729
1;;A2026072983067I;;356597459474875;;20260715;;20260715
1;;A2026072983068I;;869396084669086;;20260729;;20260729
1;;A2026072983069I;;350204502539368;;20260729;;20260729
1;;A2026072983070I;;356278288353602;;20260729;;20260729
1;;A2026072983071I;;354710613166434;;20260729;;20260729
1;;A2026072983072I;;350346897262245;;20260729;;20260729
1;;A2026072983073I;;357903258660277;;20260729;;20260729
1;;A2026072983074I;;354321594810725;;20260729;;20260729
1;;A2026072983075I;;865366055199086;;20260729;;20260729
1;;A2026072983076I;;359339512236257;;20260729;;20260729
1;;A2026072983079I;;350634602020564;;20260728;;20260727
1;;A2026072983080I;;354246517637428;;20260729;;20260729
1;;A2026072983084I;;351397401119164;;20260729;;20260729
1;;A2026072983085I;;356597453858594;;20260729;;20260317
1;;A2026072983087I;;350466674529002;;20260729;;20260714
2;;A2026072983086E;;A2026072382746I;;352688834537777
3;;T2026072666569I;;352517673621576;;0
3;;T2026072666570I;;356649157501267;;0
3;;T2026072666575I;;351174773766090;;0
3;;T2026072666576I;;353282627071894;;0
3;;T2026072666577I;;355928816695236;;0
3;;Y2026072677018I;;359936834198444;;0
3;;A2026072682908I;;359367300514676;;0
3;;A2026072682909I;;359978125204853;;0
3;;V2026072705380I;;353289760431199;;0
3;;V2026072705381I;;353289760437857;;0
3;;V2026072705382I;;351946455812130;;0
3;;V2026072705383I;;353407736058587;;0
3;;V2026072705400I;;350070120418503;;0
3;;V2026072705401I;;356298311065080;;0
3;;V2026072705402I;;355008378189702;;0
3;;V2026072705403I;;358183358189704;;0
3;;V2026072705404I;;350117734647082;;0
3;;V2026072705405I;;351038931106723;;0
3;;V2026072705407I;;359620571282732;;0
3;;V2026072705408I;;350929873570135;;0
3;;V2026072705409I;;357498448685201;;0
3;;V2026072705410I;;865504078678682;;0
3;;T2026072766595I;;355450539578235;;0
3;;T2026072766596I;;352554568960496;;0
3;;T2026072766597I;;990017700223700;;0
3;;T2026072766598I;;862525073037734;;0
3;;T2026072766599I;;350194544832527;;0
3;;T2026072766600I;;351267389518291;;0
3;;T2026072766601I;;352842931038466;;0
3;;T2026072766602I;;359051894750538;;0
3;;T2026072766603I;;357435934802544;;0
3;;T2026072766604I;;990017700281872;;0
3;;T2026072766605I;;352973353027792;;0
3;;T2026072766606I;;354774868108087;;0
3;;T2026072766607I;;357233151449622;;0
3;;T2026072766608I;;350250413595320;;0
3;;T2026072766609I;;868333077053888;;0
3;;T2026072766610I;;350042737396950;;0
3;;T2026072766611I;;351026183308790;;0
3;;T2026072766612I;;352607111301376;;0
3;;T2026072766613I;;352607111314676;;0
3;;T2026072766614I;;352607111310351;;0
3;;T2026072766615I;;352607111304156;;0
3;;T2026072766616I;;352607111307316;;0
3;;T2026072766617I;;352607111304875;;0
3;;T2026072766618I;;352607111240558;;0
3;;T2026072766619I;;352607111304370;;0
3;;T2026072766620I;;352607111313256;;0
3;;T2026072766621I;;352607111302556;;0
3;;T2026072766622I;;352607111307639;;0
3;;T2026072766623I;;352607111312092;;0
3;;T2026072766624I;;352607111301814;;0
3;;T2026072766625I;;352607111312449;;0
3;;T2026072766626I;;357584546171648;;0
3;;T2026072766628I;;720004550044458;;0
3;;T2026072766629I;;867073085111747;;0
3;;T2026072766630I;;351784395669926;;0
3;;T2026072766631I;;355938100507690;;0
3;;T2026072766633I;;350070123987181;;0
3;;Y2026072777050I;;868271079811004;;0
3;;Y2026072777051I;;353962297865127;;0
3;;Y2026072777052I;;865963083840309;;0
3;;Y2026072777053I;;352602316379657;;0
3;;Y2026072777054I;;357504958259764;;0
3;;Y2026072777055I;;356790848071375;;0
3;;Y2026072777056I;;350872362099184;;0
3;;Y2026072777057I;;357561853089647;;0
3;;Y2026072777058I;;357561853089654;;0
3;;Y2026072777059I;;351006197877204;;0
3;;A2026072782910I;;357666532852933;;0
3;;A2026072782911I;;860211042184566;;0
3;;A2026072782912I;;356910639388313;;0
3;;A2026072782913I;;355389463255495;;0
3;;A2026072782914I;;351201813255493;;0
3;;A2026072782915I;;861783053826797;;0
3;;A2026072782916I;;354246511639537;;0
3;;A2026072782917I;;352057760439855;;0
3;;A2026072782918I;;356356739540439;;0
3;;A2026072782919I;;863707069973143;;0
3;;A2026072782920I;;863707069973150;;0
3;;A2026072782921I;;357588202887306;;0
3;;A2026072782922I;;354133896200095;;0
3;;A2026072782923I;;357233151096225;;0
3;;A2026072782924I;;357739169509298;;0
3;;A2026072782925I;;351553462550156;;0
3;;A2026072782926I;;354454474279552;;0
3;;A2026072782930I;;862377079427562;;0
3;;A2026072782931I;;354484221994435;;0
3;;A2026072782932I;;865726055030229;;0
3;;A2026072782933I;;861685063748665;;0
3;;A2026072782934I;;865955079214903;;0
3;;A2026072782935I;;351486009020989;;0
3;;A2026072782936I;;869229080382596;;0
3;;A2026072782937I;;359309669774285;;0
3;;A2026072782938I;;358080227410826;;0
3;;A2026072782939I;;869163078836455;;0
3;;A2026072782940I;;350848291283826;;0
3;;A2026072782941I;;358688606434504;;0
3;;A2026072782942I;;356761461378181;;0
3;;A2026072782943I;;864846071288154;;0
3;;A2026072782944I;;352033861649254;;0
3;;A2026072782945I;;351280599155176;;0
3;;A2026072782946I;;359200132601934;;0
3;;A2026072782947I;;358181358547103;;0
3;;A2026072782948I;;353380741627151;;0
3;;A2026072782949I;;358619992601935;;0
3;;A2026072782952I;;359847109252644;;0
3;;A2026072782953I;;352977094142943;;0
3;;A2026072782954I;;860978052407455;;0
3;;A2026072782956I;;355451679527958;;0
3;;A2026072782958I;;352417453020612;;0
3;;A2026072782959I;;864895073490888;;0
3;;A2026072782960I;;352292535152588;;0
3;;A2026072782961I;;352698476700849;;0
3;;A2026072782962I;;353927618330598;;0
3;;A2026072782963I;;352057931511624;;0
3;;A2026072782964I;;359922299854077;;0
3;;A2026072782965I;;354856655850169;;0
3;;A2026072782966I;;350249606115060;;0
3;;A2026072782967I;;353669370449592;;0
3;;A2026072782968I;;356597452806446;;0
3;;A2026072782969I;;357507337092459;;0
3;;A2026072782970I;;865063074734429;;0
3;;A2026072782971I;;356761462025104;;0
3;;A2026072782972I;;352517671317136;;0
3;;A2026072782974I;;356580796910645;;0
3;;A2026072782975I;;356852886402274;;0
3;;A2026072782976I;;863791074947631;;0
3;;A2026072782977I;;352680946491415;;0
3;;A2026072782978I;;863573080553680;;0
4;;A2026072682907E;;358158669114708;;0
4;;V2026072704602E;;350453405652451;;0
4;;T2026072766627E;;355088506141163;;0
4;;T2026072766632E;;351448408790232;;0
4;;A2026072782955E;;350108727920321;;0
4;;A2026072782957E;;868725066999304;;0
4;;A2026072782973E;;356792112477932;;0
