A20260802;;18;;0;;0;;0;;1
1;;A2026080183225I;;355620713262554;;20260801;;20260801
1;;A2026080183226I;;861685068785266;;20260801;;20260801
1;;A2026080183227I;;350349576536806;;20260801;;20260801
1;;A2026080183228I;;359620572728345;;20260801;;20260801
1;;A2026080183229I;;866915087927622;;20260802;;20260802
1;;A2026080183230I;;867730079855692;;20260801;;20260801
1;;A2026080183231I;;862525073274055;;20260801;;20260801
1;;A2026080283232I;;354300580906051;;20260731;;20260730
1;;A2026080283233I;;355146931103735;;20260702;;20260701
1;;A2026080283234I;;860247070601758;;20260802;;20260802
1;;A2026080283235I;;869081074872839;;20260727;;20260720
1;;A2026080283236I;;862998074370109;;20260802;;20260802
1;;A2026080283237I;;355487738563865;;20260802;;20260802
1;;A2026080283238I;;862172078694027;;20260802;;20260802
1;;A2026080283239I;;862172078694035;;20260802;;20260802
1;;A2026080283240I;;350593649547692;;20260731;;20260731
1;;A2026080283241I;;351974975639361;;20260802;;20260802
1;;A2026080283242I;;354096987897824;;20260731;;20260731
