T20260729;;379;;1;;130;;7;;1
1;;T2026072967269I;;354589361372414;;20260618;;20260618
1;;T2026072967270I;;861060051417683;;20260729;;20260729
1;;T2026072967272I;;355258096430421;;20260729;;20260729
1;;T2026072967273I;;350702722480925;;20260727;;20260727
1;;T2026072967237I;;352006893312422;;20260729;;20260729
1;;T2026072967234I;;354710619475326;;20260729;;20260729
1;;T2026072967235I;;358247233042808;;20260729;;20260729
1;;T2026072967236I;;358782865184734;;20260729;;20260729
1;;T2026072967238I;;720006000442679;;20260729;;20260729
1;;T2026072967239I;;357955143841520;;20260729;;20260729
1;;T2026072967240I;;354380325432944;;20260729;;20260729
1;;T2026072967241I;;720003400202316;;20260729;;20260729
1;;T2026072967242I;;720001990361153;;20260729;;20260729
1;;T2026072967243I;;867038083107260;;20260729;;20260729
1;;T2026072967244I;;720003940104329;;20260729;;20260729
1;;T2026072967245I;;357236863939442;;20260729;;20260729
1;;T2026072967246I;;720004610015373;;20260729;;20260729
1;;T2026072967247I;;357418835430250;;20260729;;20260729
1;;T2026072967248I;;866915086254747;;20260729;;20260729
1;;T2026072967249I;;720004940008411;;20260729;;20260729
1;;T2026072967250I;;720002950487921;;20260729;;20260729
1;;T2026072967251I;;350718265868870;;20260729;;20260729
1;;T2026072967252I;;720004470026239;;20260729;;20260729
1;;T2026072967253I;;358782865666425;;20260729;;20260729
1;;T2026072967254I;;866072081302129;;20260729;;20260729
1;;T2026072967255I;;355579669532149;;20260729;;20260729
1;;T2026072967256I;;720004150123603;;20260729;;20260729
1;;T2026072967257I;;351690222738265;;20260729;;20260729
1;;T2026072967258I;;720004150123595;;20260729;;20260729
1;;T2026072967259I;;720004150124171;;20260729;;20260729
1;;T2026072967260I;;354414559894006;;20260729;;20260729
1;;T2026072967261I;;351048913084921;;20260720;;20260720
1;;T2026072967263I;;357498195020719;;20260713;;20260713
1;;T2026072967264I;;865189075898606;;20260727;;20260727
1;;T2026072967265I;;354200610553578;;20260427;;20260427
1;;T2026072967266I;;355488189581034;;20260729;;20260729
1;;T2026072967267I;;867340058166473;;20260729;;20260729
1;;T2026072966944I;;356580794326554;;20260729;;20260729
1;;T2026072966941I;;358080224231969;;20260701;;20260701
1;;T2026072966942I;;350906454714688;;20260701;;20260701
1;;T2026072966943I;;359555172260697;;20260701;;20260701
1;;T2026072966945I;;352406916733515;;20260729;;20260729
1;;T2026072966946I;;355146936819988;;20260729;;20260729
1;;T2026072966947I;;720006000276051;;20260729;;20260729
1;;T2026072966948I;;353463672969501;;20260729;;20260729
1;;T2026072966949I;;354454474497717;;20260729;;20260729
1;;T2026072966950I;;354454474493955;;20260729;;20260729
1;;T2026072966951I;;720004690000584;;20260729;;20260729
1;;T2026072966952I;;356116127737215;;20260729;;20260729
1;;T2026072966953I;;356523765564274;;20260729;;20260729
1;;T2026072966954I;;356116129776591;;20260729;;20260729
1;;T2026072966955I;;351137200055601;;20260729;;20260729
1;;T2026072966956I;;354454475102308;;20260729;;20260729
1;;T2026072966957I;;869163078787658;;20260729;;20260729
1;;T2026072966958I;;866915087796845;;20260729;;20260729
1;;T2026072966959I;;357955143861080;;20260729;;20260729
1;;T2026072966960I;;867658086813745;;20260729;;20260729
1;;T2026072966961I;;354380325427597;;20260729;;20260729
1;;T2026072966962I;;354380325422101;;20260729;;20260729
1;;T2026072966963I;;350630603971557;;20260729;;20260729
1;;T2026072966964I;;720006000301289;;20260729;;20260729
1;;T2026072966965I;;358782865579669;;20260729;;20260729
1;;T2026072966966I;;860247075614970;;20260729;;20260729
1;;T2026072966967I;;720006000218319;;20260729;;20260729
1;;T2026072966968I;;352188530078895;;20260729;;20260729
1;;T2026072966969I;;352760491654987;;20260729;;20260729
1;;T2026072966970I;;352188193536932;;20260729;;20260729
1;;T2026072966971I;;351690221420626;;20260729;;20260729
1;;T2026072966972I;;720003300200006;;20260729;;20260729
1;;T2026072966973I;;353794239627327;;20260729;;20260729
1;;T2026072966974I;;358729278422565;;20260729;;20260729
1;;T2026072966978I;;720001440439872;;20260729;;20260729
1;;T2026072966975I;;351954630109919;;20260729;;20260729
1;;T2026072966976I;;351137200035546;;20260729;;20260729
1;;T2026072966977I;;351137200034713;;20260729;;20260729
1;;T2026072966979I;;861513083507095;;20260729;;20260729
1;;T2026072966980I;;866915087920049;;20260729;;20260729
1;;T2026072966981I;;351690223822571;;20260729;;20260729
1;;T2026072966982I;;860247075605432;;20260729;;20260729
1;;T2026072966983I;;869081073459752;;20260729;;20260729
1;;T2026072966984I;;351690223793111;;20260729;;20260729
1;;T2026072966985I;;357065615799071;;20260729;;20260729
1;;T2026072966986I;;352188530080305;;20260729;;20260729
1;;T2026072966987I;;867658086785844;;20260729;;20260729
1;;T2026072966988I;;720000960447000;;20260729;;20260729
1;;T2026072966989I;;354380325438941;;20260729;;20260729
1;;T2026072966990I;;354380325434395;;20260729;;20260729
1;;T2026072966991I;;354380325437844;;20260729;;20260729
1;;T2026072966992I;;354380325434122;;20260729;;20260729
1;;T2026072966993I;;354246511872195;;20260729;;20260729
1;;T2026072966994I;;351478613414500;;20260729;;20260729
1;;T2026072966995I;;353441699877154;;20260729;;20260729
1;;T2026072966996I;;351478613419236;;20260729;;20260729
1;;T2026072966997I;;354200619362328;;20260729;;20260729
1;;T2026072966998I;;351478613416968;;20260729;;20260729
1;;T2026072966999I;;354454475108834;;20260729;;20260729
1;;T2026072967000I;;720004980001458;;20260729;;20260729
1;;T2026072967001I;;720006000465365;;20260729;;20260729
1;;T2026072967002I;;358782865142674;;20260729;;20260729
1;;T2026072967003I;;358782865240478;;20260729;;20260729
1;;T2026072967004I;;720004550045158;;20260729;;20260729
1;;T2026072967005I;;351690223793582;;20260729;;20260729
1;;T2026072967006I;;353510846256148;;20260729;;20260729
1;;T2026072967007I;;354710610331338;;20260729;;20260729
1;;T2026072967008I;;356182204990994;;20260729;;20260729
1;;T2026072967009I;;356182204981191;;20260729;;20260729
1;;T2026072967010I;;354454475100021;;20260729;;20260729
1;;T2026072967011I;;351872703006764;;20260729;;20260729
1;;T2026072967015I;;350466679217769;;20260729;;20260729
1;;T2026072967012I;;359867889522222;;20260729;;20260729
1;;T2026072967013I;;355354870214212;;20260729;;20260729
1;;T2026072967014I;;720002660004800;;20260729;;20260729
1;;T2026072967016I;;350276231368913;;20260729;;20260729
1;;T2026072967017I;;355427841011782;;20260729;;20260729
1;;T2026072967018I;;355427840965863;;20260729;;20260729
1;;T2026072967019I;;355427840954511;;20260729;;20260729
1;;T2026072967020I;;350906455074322;;20260729;;20260729
1;;T2026072967021I;;358051162615539;;20260729;;20260729
1;;T2026072967022I;;350906454990700;;20260729;;20260729
1;;T2026072967023I;;720002950496559;;20260729;;20260729
1;;T2026072967024I;;720002950485123;;20260729;;20260729
1;;T2026072967025I;;355427840965905;;20260729;;20260729
1;;T2026072967026I;;350276231383029;;20260729;;20260729
1;;T2026072967027I;;350276231371172;;20260729;;20260729
1;;T2026072967028I;;350276231361579;;20260729;;20260729
1;;T2026072967029I;;350276231376858;;20260729;;20260729
1;;T2026072967030I;;350276231382450;;20260729;;20260729
1;;T2026072967031I;;350276232135543;;20260729;;20260729
1;;T2026072967032I;;350276231363625;;20260729;;20260729
1;;T2026072967033I;;350276231376601;;20260729;;20260729
1;;T2026072967034I;;354180798585172;;20260729;;20260729
1;;T2026072967035I;;354180798572287;;20260729;;20260729
1;;T2026072967036I;;357550248238233;;20260729;;20260729
1;;T2026072967037I;;720006000357869;;20260729;;20260729
1;;T2026072967038I;;357536857097002;;20260729;;20260729
1;;T2026072967039I;;358247232995568;;20260729;;20260729
1;;T2026072967040I;;720002360058197;;20260729;;20260729
1;;T2026072967041I;;720002950507512;;20260729;;20260729
1;;T2026072967042I;;354710616906968;;20260729;;20260729
1;;T2026072967043I;;354380325423232;;20260729;;20260729
1;;T2026072967044I;;352355702869902;;20260729;;20260729
1;;T2026072967045I;;350276231370828;;20260729;;20260729
1;;T2026072967046I;;354454475105442;;20260729;;20260729
1;;T2026072967047I;;720006000372892;;20260729;;20260729
1;;T2026072967048I;;720004660004871;;20260729;;20260729
1;;T2026072967052I;;351690223098362;;20260729;;20260729
1;;T2026072967049I;;358190682800609;;20260729;;20260729
1;;T2026072967050I;;720006000466058;;20260729;;20260729
1;;T2026072967051I;;720006000474300;;20260729;;20260729
1;;T2026072967053I;;359620574925295;;20260729;;20260729
1;;T2026072967054I;;350906456979529;;20260729;;20260729
1;;T2026072967055I;;720006000219481;;20260729;;20260729
1;;T2026072967056I;;867038083105108;;20260729;;20260729
1;;T2026072967057I;;355201221965457;;20260729;;20260729
1;;T2026072967058I;;351690223811442;;20260729;;20260729
1;;T2026072967059I;;867038082782048;;20260729;;20260729
1;;T2026072967060I;;351536164331850;;20260729;;20260729
1;;T2026072967061I;;351298452273084;;20260729;;20260729
1;;T2026072967062I;;351690223813877;;20260729;;20260729
1;;T2026072967063I;;720006000465704;;20260729;;20260729
1;;T2026072967064I;;861197088483740;;20260729;;20260729
1;;T2026072967065I;;720004990006539;;20260729;;20260729
1;;T2026072967066I;;720006000466025;;20260729;;20260729
1;;T2026072967067I;;357330776752008;;20260729;;20260729
1;;T2026072967068I;;720002950502455;;20260729;;20260729
1;;T2026072967069I;;720004150122969;;20260729;;20260729
1;;T2026072967070I;;867829081089231;;20260729;;20260729
1;;T2026072967071I;;350906456650211;;20260729;;20260729
1;;T2026072967072I;;357065613165515;;20260729;;20260729
1;;T2026072967073I;;358622906795819;;20260729;;20260729
1;;T2026072967074I;;352357384028492;;20260729;;20260729
1;;T2026072967075I;;720006000373908;;20260729;;20260729
1;;T2026072967076I;;353407739264836;;20260729;;20260729
1;;T2026072967077I;;866915086137280;;20260729;;20260729
1;;T2026072967078I;;861197088426004;;20260729;;20260729
1;;T2026072967079I;;720006000474789;;20260729;;20260729
1;;T2026072967080I;;350848295224461;;20260729;;20260729
1;;T2026072967081I;;860247075257515;;20260729;;20260729
1;;T2026072967082I;;720000830299813;;20260729;;20260729
1;;T2026072967083I;;862177081256144;;20260729;;20260729
1;;T2026072967084I;;720006000474292;;20260729;;20260729
1;;T2026072967085I;;720000830298922;;20260729;;20260729
1;;T2026072967089I;;720004150123090;;20260729;;20260729
1;;T2026072967086I;;720004150123108;;20260729;;20260729
1;;T2026072967087I;;359534171537074;;20260729;;20260729
1;;T2026072967088I;;359534171536134;;20260729;;20260729
1;;T2026072967090I;;720003550057965;;20260729;;20260729
1;;T2026072967091I;;720004150122852;;20260729;;20260729
1;;T2026072967092I;;720004150122936;;20260729;;20260729
1;;T2026072967093I;;720004150123058;;20260729;;20260729
1;;T2026072967094I;;866072080662663;;20260729;;20260729
1;;T2026072967095I;;720006000373577;;20260729;;20260729
1;;T2026072967096I;;720006000473815;;20260729;;20260729
1;;T2026072967097I;;720002530227375;;20260729;;20260729
1;;T2026072967098I;;350798027243547;;20260729;;20260729
1;;T2026072967099I;;720004470025991;;20260729;;20260729
1;;T2026072967100I;;353441699939962;;20260729;;20260729
1;;T2026072967101I;;720004200017870;;20260729;;20260729
1;;T2026072967102I;;720006000466975;;20260729;;20260729
1;;T2026072967103I;;350906456997638;;20260729;;20260729
1;;T2026072967104I;;720006000466223;;20260729;;20260729
1;;T2026072967105I;;350032512691642;;20260729;;20260729
1;;T2026072967106I;;720002580174238;;20260729;;20260729
1;;T2026072967107I;;350276231414741;;20260729;;20260729
1;;T2026072967108I;;350276231414493;;20260729;;20260729
1;;T2026072967109I;;350276231415490;;20260729;;20260729
1;;T2026072967110I;;350276231250871;;20260729;;20260729
1;;T2026072967111I;;350276232633349;;20260729;;20260729
1;;T2026072967112I;;350276232644866;;20260729;;20260729
1;;T2026072967113I;;350276232633422;;20260729;;20260729
1;;T2026072967114I;;350276232636383;;20260729;;20260729
1;;T2026072967115I;;350276232644452;;20260729;;20260729
1;;T2026072967116I;;350276231415078;;20260729;;20260729
1;;T2026072967117I;;354680909891468;;20260729;;20260729
1;;T2026072967118I;;354414559928556;;20260729;;20260729
1;;T2026072967119I;;354414559965970;;20260729;;20260729
1;;T2026072967120I;;358729278303435;;20260729;;20260729
1;;T2026072967121I;;357726900054817;;20260729;;20260729
1;;T2026072967122I;;358258285121705;;20260729;;20260729
1;;T2026072967126I;;351397405219481;;20260729;;20260729
1;;T2026072967123I;;358999520094997;;20260729;;20260729
1;;T2026072967124I;;357955143842809;;20260729;;20260729
1;;T2026072967125I;;351397405220588;;20260729;;20260729
1;;T2026072967127I;;351397405219663;;20260729;;20260729
1;;T2026072967128I;;351397405219937;;20260729;;20260729
1;;T2026072967129I;;352963348434856;;20260729;;20260729
1;;T2026072967130I;;354380325385845;;20260729;;20260729
1;;T2026072967131I;;720002550458942;;20260729;;20260729
1;;T2026072967132I;;354380325387858;;20260729;;20260729
1;;T2026072967133I;;354380325421277;;20260729;;20260729
1;;T2026072967134I;;354380325421798;;20260729;;20260729
1;;T2026072967135I;;359592143822180;;20260729;;20260729
1;;T2026072967136I;;720002550458983;;20260729;;20260729
1;;T2026072967137I;;720002550459023;;20260729;;20260729
1;;T2026072967138I;;358051162432596;;20260729;;20260729
1;;T2026072967139I;;358051162572102;;20260729;;20260729
1;;T2026072967140I;;358258285102275;;20260729;;20260729
1;;T2026072967141I;;355835642587703;;20260729;;20260729
1;;T2026072967142I;;350718261597259;;20260729;;20260729
1;;T2026072967143I;;355981446629646;;20260729;;20260729
1;;T2026072967144I;;350718264721682;;20260729;;20260729
1;;T2026072967145I;;350718264035414;;20260729;;20260729
1;;T2026072967146I;;350718265637002;;20260729;;20260729
1;;T2026072967147I;;350718264047229;;20260729;;20260729
1;;T2026072967148I;;720002950486980;;20260729;;20260729
1;;T2026072967149I;;351158671747468;;20260729;;20260729
1;;T2026072967150I;;720002950487483;;20260729;;20260729
1;;T2026072967151I;;720002950487525;;20260729;;20260729
1;;T2026072967152I;;351690221659462;;20260729;;20260729
1;;T2026072967153I;;351690221639589;;20260729;;20260729
1;;T2026072967154I;;720002950487020;;20260729;;20260729
1;;T2026072967155I;;351690221658621;;20260729;;20260729
1;;T2026072967156I;;354710619240530;;20260729;;20260729
1;;T2026072967157I;;860247075626834;;20260729;;20260729
1;;T2026072967158I;;351690221639779;;20260729;;20260729
1;;T2026072967159I;;359935526238435;;20260729;;20260729
1;;T2026072967163I;;866915086205665;;20260729;;20260729
1;;T2026072967160I;;358080224110965;;20260729;;20260729
1;;T2026072967161I;;358190682876286;;20260729;;20260729
1;;T2026072967162I;;358190687913852;;20260729;;20260729
1;;T2026072967164I;;354841603966234;;20260729;;20260729
1;;T2026072967165I;;867038083110769;;20260729;;20260729
1;;T2026072967166I;;359620570260069;;20260729;;20260729
1;;T2026072967167I;;359620570262636;;20260729;;20260729
1;;T2026072967168I;;359620570336919;;20260729;;20260729
1;;T2026072967169I;;354841603940221;;20260729;;20260729
1;;T2026072967170I;;861197088456886;;20260729;;20260729
1;;T2026072967171I;;866915085294223;;20260729;;20260729
1;;T2026072967172I;;351690222850938;;20260729;;20260729
1;;T2026072967173I;;867038083168486;;20260729;;20260729
1;;T2026072967174I;;867038082775687;;20260729;;20260729
1;;T2026072967175I;;351690222788047;;20260729;;20260729
1;;T2026072967176I;;867038083108243;;20260729;;20260729
1;;T2026072967177I;;720004800004633;;20260729;;20260729
1;;T2026072967178I;;720003700095444;;20260729;;20260729
1;;T2026072967179I;;720006000267563;;20260729;;20260729
1;;T2026072967180I;;720005010036018;;20260729;;20260729
1;;T2026072967181I;;351981674495102;;20260729;;20260729
1;;T2026072967182I;;720006000220794;;20260729;;20260729
1;;T2026072967183I;;354380325439568;;20260729;;20260729
1;;T2026072967184I;;351158679833385;;20260729;;20260729
1;;T2026072967185I;;353441699884846;;20260729;;20260729
1;;T2026072967186I;;350718260518744;;20260729;;20260729
1;;T2026072967187I;;350718265851074;;20260729;;20260729
1;;T2026072967188I;;350718264680045;;20260729;;20260729
1;;T2026072967189I;;350718265633183;;20260729;;20260729
1;;T2026072967190I;;350718263886726;;20260729;;20260729
1;;T2026072967191I;;353441699878632;;20260729;;20260729
1;;T2026072967192I;;353441699908371;;20260729;;20260729
1;;T2026072967193I;;350718261505229;;20260729;;20260729
1;;T2026072967194I;;351872703005808;;20260729;;20260729
1;;T2026072967195I;;353694968241177;;20260729;;20260729
1;;T2026072967196I;;356580794327131;;20260729;;20260729
1;;T2026072967200I;;352188954406283;;20260729;;20260729
1;;T2026072967197I;;350966326868666;;20260729;;20260729
1;;T2026072967198I;;355201221660694;;20260729;;20260729
1;;T2026072967199I;;359763920181971;;20260729;;20260729
1;;T2026072967201I;;351690221403606;;20260729;;20260729
1;;T2026072967202I;;720003300179002;;20260729;;20260729
1;;T2026072967203I;;355201221668358;;20260729;;20260729
1;;T2026072967204I;;352006892088379;;20260729;;20260729
1;;T2026072967205I;;720004200013671;;20260729;;20260729
1;;T2026072967206I;;354710619634195;;20260729;;20260729
1;;T2026072967207I;;356299333427738;;20260729;;20260729
1;;T2026072967208I;;350701773600787;;20260729;;20260729
1;;T2026072967209I;;350032510270142;;20260729;;20260729
1;;T2026072967210I;;720006000467494;;20260729;;20260729
1;;T2026072967211I;;720006000467452;;20260729;;20260729
1;;T2026072967212I;;867038083172488;;20260729;;20260729
1;;T2026072967213I;;720003900009229;;20260729;;20260729
1;;T2026072967214I;;720006000219648;;20260729;;20260729
1;;T2026072967215I;;720006000472346;;20260729;;20260729
1;;T2026072967216I;;720002360061647;;20260729;;20260729
1;;T2026072967217I;;720001990360122;;20260729;;20260729
1;;T2026072967218I;;720005010035887;;20260729;;20260729
1;;T2026072967219I;;720006000377164;;20260729;;20260729
1;;T2026072967220I;;720005250002407;;20260729;;20260729
1;;T2026072967221I;;720006000232039;;20260729;;20260729
1;;T2026072967222I;;354380325433041;;20260729;;20260729
1;;T2026072967223I;;354380325443131;;20260729;;20260729
1;;T2026072967224I;;354380325429312;;20260729;;20260729
1;;T2026072967225I;;357065615805555;;20260729;;20260729
1;;T2026072967226I;;354454475099819;;20260729;;20260729
1;;T2026072967227I;;354380325423810;;20260729;;20260729
1;;T2026072967228I;;354380325432639;;20260729;;20260729
1;;T2026072967229I;;353407738438407;;20260729;;20260729
1;;T2026072967230I;;354710618147538;;20260729;;20260729
1;;T2026072967231I;;352963349001209;;20260729;;20260729
1;;T2026072967232I;;350276232643017;;20260729;;20260729
1;;T2026072967233I;;350276232644387;;20260729;;20260729
1;;T2026072966919I;;350019156956225;;20260729;;20260729
1;;T2026072966923I;;351253394044218;;20260720;;20260720
1;;T2026072967268I;;350798025329124;;20260723;;20260723
1;;T2026072866890I;;359473647905393;;20260724;;20260724
1;;T2026072866891I;;868253054108622;;20260728;;20260728
1;;T2026072866892I;;353249723490831;;20260728;;20260728
1;;T2026072866893I;;356134153490831;;20260728;;20260728
1;;T2026072866894I;;354752862058250;;20260728;;20260728
1;;T2026072966895I;;864336062163798;;20260728;;20260728
1;;T2026072966896I;;354007338844779;;20260729;;20260729
1;;T2026072966897I;;351218526706018;;20260708;;20241119
1;;T2026072966898I;;350572411080587;;20260708;;20241217
1;;T2026072966899I;;357584540611185;;20260728;;20260728
1;;T2026072966900I;;351273096714918;;20260728;;20260728
1;;T2026072966901I;;358879689177421;;20260721;;20260721
1;;T2026072966902I;;720004800091606;;20260608;;20260608
1;;T2026072966903I;;354200611979715;;20260729;;20260729
1;;T2026072966905I;;863573087099828;;20260729;;20260729
1;;T2026072966906I;;350453402070814;;20260729;;20260729
1;;T2026072966907I;;352842935846948;;20260729;;20260729
1;;T2026072966908I;;868232075135384;;20260729;;20260729
1;;T2026072966910I;;357504958567075;;20260729;;20260729
1;;T2026072966911I;;350059631372689;;20260729;;20260729
1;;T2026072966912I;;860359071662406;;20260729;;20260729
1;;T2026072966913I;;352292536806752;;20260729;;20260729
1;;T2026072966914I;;352852880051451;;20260729;;20260729
1;;T2026072966915I;;351693549974712;;20260729;;20260729
1;;T2026072966916I;;350798025324570;;20260729;;20260729
1;;T2026072966917I;;356737688539136;;20260724;;20260724
1;;T2026072966918I;;355233084368222;;20260727;;20260727
1;;T2026072966920I;;355488189255183;;20260704;;20260704
1;;T2026072966921I;;356150805795708;;20260729;;20260729
1;;T2026072966922I;;356908911573321;;20260729;;20260728
1;;T2026072966926I;;990017700737956;;20260729;;20260729
1;;T2026072966927I;;999908040534007;;20260729;;20260729
1;;T2026072966928I;;353008931687145;;20260724;;20260724
1;;T2026072966929I;;356722738896579;;20260724;;20260724
1;;T2026072966931I;;866492080817309;;20260729;;20260729
1;;T2026072966932I;;866492080817317;;20260729;;20260729
1;;T2026072966933I;;351459297065974;;20260729;;20260729
1;;T2026072966936I;;863784070461517;;20260729;;20260729
1;;T2026072966937I;;351080470129088;;20260729;;20260729
1;;T2026072966938I;;353810485322189;;20260729;;20260729
1;;T2026072966939I;;865889089239925;;20260729;;20260729
1;;T2026072966940I;;350702722483127;;20260723;;20260723
1;;T2026072866825I;;351234169569472;;20260724;;20260724
1;;T2026072866827I;;354868696588674;;20260726;;20260726
1;;T2026072866826I;;351621983494350;;20260725;;20260725
1;;T2026072866824I;;359203509438161;;20260614;;20260614
2;;T2026072966924E;;T2026072265735I;;867824076440226
3;;Y2026072677018I;;359936834198444;;0
3;;Y2026072777050I;;868271079811004;;0
3;;Y2026072777051I;;353962297865127;;0
3;;Y2026072777052I;;865963083840309;;0
3;;Y2026072777053I;;352602316379657;;0
3;;Y2026072777054I;;357504958259764;;0
3;;Y2026072777055I;;356790848071375;;0
3;;Y2026072777056I;;350872362099184;;0
3;;Y2026072777057I;;357561853089647;;0
3;;Y2026072777058I;;357561853089654;;0
3;;Y2026072777059I;;351006197877204;;0
3;;A2026072682908I;;359367300514676;;0
3;;A2026072682909I;;359978125204853;;0
3;;A2026072782910I;;357666532852933;;0
3;;A2026072782911I;;860211042184566;;0
3;;A2026072782912I;;356910639388313;;0
3;;A2026072782913I;;355389463255495;;0
3;;A2026072782914I;;351201813255493;;0
3;;A2026072782915I;;861783053826797;;0
3;;A2026072782916I;;354246511639537;;0
3;;A2026072782917I;;352057760439855;;0
3;;A2026072782918I;;356356739540439;;0
3;;A2026072782919I;;863707069973143;;0
3;;A2026072782920I;;863707069973150;;0
3;;A2026072782921I;;357588202887306;;0
3;;A2026072782922I;;354133896200095;;0
3;;A2026072782923I;;357233151096225;;0
3;;A2026072782924I;;357739169509298;;0
3;;A2026072782925I;;351553462550156;;0
3;;A2026072782926I;;354454474279552;;0
3;;A2026072782930I;;862377079427562;;0
3;;A2026072782931I;;354484221994435;;0
3;;A2026072782932I;;865726055030229;;0
3;;A2026072782933I;;861685063748665;;0
3;;A2026072782934I;;865955079214903;;0
3;;A2026072782935I;;351486009020989;;0
3;;A2026072782936I;;869229080382596;;0
3;;A2026072782937I;;359309669774285;;0
3;;A2026072782938I;;358080227410826;;0
3;;A2026072782939I;;869163078836455;;0
3;;A2026072782940I;;350848291283826;;0
3;;A2026072782941I;;358688606434504;;0
3;;A2026072782942I;;356761461378181;;0
3;;A2026072782943I;;864846071288154;;0
3;;A2026072782944I;;352033861649254;;0
3;;A2026072782945I;;351280599155176;;0
3;;A2026072782946I;;359200132601934;;0
3;;A2026072782947I;;358181358547103;;0
3;;A2026072782948I;;353380741627151;;0
3;;A2026072782949I;;358619992601935;;0
3;;A2026072782952I;;359847109252644;;0
3;;A2026072782953I;;352977094142943;;0
3;;A2026072782954I;;860978052407455;;0
3;;A2026072782956I;;355451679527958;;0
3;;A2026072782958I;;352417453020612;;0
3;;A2026072782959I;;864895073490888;;0
3;;A2026072782960I;;352292535152588;;0
3;;A2026072782961I;;352698476700849;;0
3;;A2026072782962I;;353927618330598;;0
3;;A2026072782963I;;352057931511624;;0
3;;A2026072782964I;;359922299854077;;0
3;;A2026072782965I;;354856655850169;;0
3;;A2026072782966I;;350249606115060;;0
3;;A2026072782967I;;353669370449592;;0
3;;A2026072782968I;;356597452806446;;0
3;;A2026072782969I;;357507337092459;;0
3;;A2026072782970I;;865063074734429;;0
3;;A2026072782971I;;356761462025104;;0
3;;A2026072782972I;;352517671317136;;0
3;;A2026072782974I;;356580796910645;;0
3;;A2026072782975I;;356852886402274;;0
3;;A2026072782976I;;863791074947631;;0
3;;A2026072782977I;;352680946491415;;0
3;;A2026072782978I;;863573080553680;;0
3;;V2026072705380I;;353289760431199;;0
3;;V2026072705381I;;353289760437857;;0
3;;V2026072705382I;;351946455812130;;0
3;;V2026072705383I;;353407736058587;;0
3;;V2026072705400I;;350070120418503;;0
3;;V2026072705401I;;356298311065080;;0
3;;V2026072705402I;;355008378189702;;0
3;;V2026072705403I;;358183358189704;;0
3;;V2026072705404I;;350117734647082;;0
3;;V2026072705405I;;351038931106723;;0
3;;V2026072705407I;;359620571282732;;0
3;;V2026072705408I;;350929873570135;;0
3;;V2026072705409I;;357498448685201;;0
3;;V2026072705410I;;865504078678682;;0
3;;T2026072766606I;;354774868108087;;0
3;;T2026072666569I;;352517673621576;;0
3;;T2026072666570I;;356649157501267;;0
3;;T2026072666575I;;351174773766090;;0
3;;T2026072666576I;;353282627071894;;0
3;;T2026072666577I;;355928816695236;;0
3;;T2026072766595I;;355450539578235;;0
3;;T2026072766596I;;352554568960496;;0
3;;T2026072766597I;;990017700223700;;4
3;;T2026072766598I;;862525073037734;;0
3;;T2026072766599I;;350194544832527;;0
3;;T2026072766600I;;351267389518291;;0
3;;T2026072766601I;;352842931038466;;0
3;;T2026072766602I;;359051894750538;;0
3;;T2026072766603I;;357435934802544;;0
3;;T2026072766604I;;990017700281872;;0
3;;T2026072766605I;;352973353027792;;0
3;;T2026072766607I;;357233151449622;;0
3;;T2026072766608I;;350250413595320;;0
3;;T2026072766609I;;868333077053888;;0
3;;T2026072766610I;;350042737396950;;0
3;;T2026072766611I;;351026183308790;;0
3;;T2026072766612I;;352607111301376;;0
3;;T2026072766613I;;352607111314676;;0
3;;T2026072766614I;;352607111310351;;0
3;;T2026072766615I;;352607111304156;;0
3;;T2026072766616I;;352607111307316;;0
3;;T2026072766617I;;352607111304875;;0
3;;T2026072766618I;;352607111240558;;0
3;;T2026072766619I;;352607111304370;;0
3;;T2026072766620I;;352607111313256;;0
3;;T2026072766621I;;352607111302556;;0
3;;T2026072766622I;;352607111307639;;0
3;;T2026072766623I;;352607111312092;;0
3;;T2026072766624I;;352607111301814;;0
3;;T2026072766625I;;352607111312449;;0
3;;T2026072766626I;;357584546171648;;0
3;;T2026072766628I;;720004550044458;;0
3;;T2026072766629I;;867073085111747;;0
3;;T2026072766630I;;351784395669926;;0
3;;T2026072766631I;;355938100507690;;0
3;;T2026072766633I;;350070123987181;;0
4;;A2026072682907E;;358158669114708;;0
4;;A2026072782955E;;350108727920321;;0
4;;A2026072782957E;;868725066999304;;0
4;;A2026072782973E;;356792112477932;;0
4;;V2026072704602E;;350453405652451;;0
4;;T2026072766627E;;355088506141163;;0
4;;T2026072766632E;;351448408790232;;0
