T20260730;;75;;2;;137;;10;;1
1;;T2026072967274I;;351448409069826;;20260729;;20260729
1;;T2026073067360I;;359757427487790;;20260730;;20260730
1;;T2026073067361I;;358158668810751;;20260730;;20260730
1;;T2026073067362I;;352607113101428;;20260730;;20260730
1;;T2026073067364I;;354832112595440;;20260730;;20260730
1;;T2026073067365I;;355938101048058;;20260730;;20260730
1;;T2026073067366I;;352788500460302;;20260730;;20260730
1;;T2026073067368I;;352607112551581;;20260730;;20260730
1;;T2026073067371I;;352607113105668;;20260730;;20260730
1;;T2026073067372I;;355938101064402;;20260730;;20260730
1;;T2026073067374I;;352607113103788;;20260730;;20260730
1;;T2026073067375I;;352788500453182;;20260730;;20260730
1;;T2026073067376I;;355938100878133;;20260730;;20260730
1;;T2026073067377I;;355938101055830;;20260730;;20260730
1;;T2026073067381I;;352607113105049;;20260730;;20260730
1;;T2026073067378I;;355938101049809;;20260730;;20260730
1;;T2026073067379I;;355938101061465;;20260730;;20260730
1;;T2026073067380I;;352607111304834;;20260730;;20260730
1;;T2026073067382I;;352607113095307;;20260730;;20260730
1;;T2026073067383I;;352788500460161;;20260730;;20260730
1;;T2026073067384I;;352607119371520;;20260730;;20260730
1;;T2026073067385I;;352607119373542;;20260730;;20260730
1;;T2026073067386I;;355938101063065;;20260730;;20260730
1;;T2026073067387I;;352607119366728;;20260730;;20260730
1;;T2026073067388I;;352788500452028;;20260730;;20260730
1;;T2026073067391I;;354832112589435;;20260730;;20260730
1;;T2026073067392I;;355938100877416;;20260730;;20260730
1;;T2026073067393I;;352607113095828;;20260730;;20260730
1;;T2026073067394I;;352788500463520;;20260730;;20260730
1;;T2026073067395I;;354832112599426;;20260730;;20260730
1;;T2026073067396I;;355938100649039;;20260730;;20260730
1;;T2026073067398I;;352607111315293;;20260730;;20260730
1;;T2026073067399I;;352788500461508;;20260730;;20260730
1;;T2026073067400I;;355938100877788;;20260730;;20260730
1;;T2026073067401I;;990017700540707;;20260730;;20260730
1;;T2026073067402I;;867712068598863;;20260730;;20260730
1;;T2026073067403I;;354844940237269;;20260729;;20260729
1;;T2026073067404I;;359482933114966;;20260727;;20260727
1;;T2026073067405I;;354046112074369;;20260730;;20260730
1;;T2026073067406I;;354133895572338;;20260729;;20260729
1;;T2026073067407I;;351273097447526;;20260728;;20260728
1;;T2026073067408I;;860772076733552;;20260730;;20260730
1;;T2026073067414I;;862481065518515;;20260730;;20260730
1;;T2026073067409I;;358491094473633;;20260730;;20260730
1;;T2026073067410I;;860247071068437;;20260730;;20260730
1;;T2026073067411I;;867826061221040;;20260730;;20260730
1;;T2026073067415I;;355604933143646;;20260727;;20260727
1;;T2026073067416I;;351621981645441;;20260727;;20260727
1;;T2026073067419I;;350889294669561;;20260729;;20260729
1;;T2026073067367I;;356722735756701;;20260728;;20260728
1;;T2026073067369I;;351500503895447;;20260728;;20260728
1;;T2026073067421I;;865387054333492;;20260730;;20260730
1;;T2026072967334I;;354484228008528;;20260729;;20260729
1;;T2026072967335I;;862432059187593;;20260729;;20260729
1;;T2026073067336I;;355900700559901;;20260729;;20260729
1;;T2026073067338I;;354496521209934;;20260730;;20260730
1;;T2026073067339I;;355445529121285;;20260730;;20260730
1;;T2026073067340I;;354416439557547;;20260730;;20260730
1;;T2026073067341I;;860253068626302;;20260730;;20260730
1;;T2026073067342I;;860253068626310;;20260730;;20260730
1;;T2026073067343I;;351183473068327;;20260730;;20260730
1;;T2026073067344I;;358409817015705;;20260730;;20260730
1;;T2026073067345I;;720003700056370;;20260730;;20260730
1;;T2026073067346I;;350987072134830;;20260730;;20260730
1;;T2026073067347I;;357813320609923;;20260730;;20260730
1;;T2026073067348I;;867528074603699;;20260730;;20260730
1;;T2026073067349I;;351955448698175;;20260730;;20260730
1;;T2026073067350I;;868570074008585;;20260730;;20260730
1;;T2026073067351I;;350249606616844;;20260730;;20260730
1;;T2026073067353I;;355838610404604;;20260730;;20260730
1;;T2026073067354I;;356416419165921;;20260728;;20260728
1;;T2026073067356I;;350194540851687;;20260728;;20260728
1;;T2026073067357I;;354844940556148;;20260730;;20260730
1;;T2026073067358I;;357262974162013;;20260730;;20260730
1;;T2026073067359I;;352057766377836;;20260724;;20260724
2;;T2026073067352E;;T2026050455468I;;354208272798514
2;;T2026073067413E;;T2026052858545I;;351448403270263
3;;T2026072866821I;;353106522452554;;0
3;;T2026072866816I;;350194545073667;;0
3;;T2026072866818I;;355827873793464;;0
3;;T2026072866819I;;357352401628064;;0
3;;T2026072866820I;;350413902340802;;0
3;;T2026072866822I;;352899119760154;;0
3;;T2026072866823I;;354752865067951;;0
3;;T2026072766637I;;354195660207937;;0
3;;T2026072766638I;;864515072964085;;0
3;;T2026072866761I;;868289077108223;;0
3;;T2026072866762I;;358619991068391;;0
3;;T2026072866764I;;358144792296356;;0
3;;T2026072866765I;;357017919419484;;0
3;;T2026072866766I;;720004660017717;;0
3;;T2026072866767I;;358729278330784;;0
3;;T2026072866768I;;866915086213206;;0
3;;T2026072866769I;;359620574786515;;0
3;;T2026072866770I;;359620574569564;;0
3;;T2026072866771I;;354841602531906;;0
3;;T2026072866772I;;353441699922612;;0
3;;T2026072866773I;;357536855074292;;0
3;;T2026072866774I;;351690222580584;;0
3;;T2026072866775I;;866915086132885;;0
3;;T2026072866776I;;350983932427555;;0
3;;T2026072866777I;;359620574565794;;0
3;;T2026072866778I;;359620574566271;;0
3;;T2026072866779I;;350983932426052;;0
3;;T2026072866780I;;866915086129865;;0
3;;T2026072866781I;;866915086237668;;0
3;;T2026072866782I;;351872705698766;;0
3;;T2026072866783I;;350032510647521;;0
3;;T2026072866784I;;356643959308203;;0
3;;T2026072866785I;;356311587953036;;0
3;;T2026072866786I;;354680909923642;;0
3;;T2026072866787I;;350032510646978;;0
3;;T2026072866788I;;359620574589216;;0
3;;T2026072866789I;;359620574786192;;0
3;;T2026072866790I;;352357389112788;;0
3;;T2026072866791I;;356311588484411;;0
3;;T2026072866792I;;359620574570547;;0
3;;T2026072866793I;;351690223896583;;0
3;;T2026072866794I;;352357389112838;;0
3;;T2026072866795I;;352357389113836;;0
3;;T2026072866796I;;351872705652052;;0
3;;T2026072866797I;;351690223881205;;0
3;;T2026072866798I;;350969132109960;;0
3;;T2026072866799I;;354752864176555;;0
3;;T2026072866800I;;355405768147433;;0
3;;T2026072866801I;;862525073230065;;0
3;;T2026072866802I;;868669069223868;;0
3;;T2026072866803I;;354585641278751;;0
3;;T2026072866804I;;353725745885033;;0
3;;T2026072866805I;;350731015936053;;0
3;;T2026072866807I;;351448403216647;;0
3;;T2026072866808I;;864868075016704;;0
3;;T2026072866809I;;860791072565313;;0
3;;T2026072866811I;;351309195974274;;0
3;;V2026072805443I;;352554562429753;;0
3;;V2026072805460I;;864619070866902;;0
3;;V2026072805461I;;864619070866910;;0
3;;V2026072805462I;;352590521352900;;0
3;;T2026072866810I;;352159395085275;;0
3;;T2026072766634I;;350349576993361;;0
3;;T2026072766636I;;359609723375049;;0
3;;T2026072766640I;;352192200114451;;0
3;;T2026072766667I;;359064443863348;;0
3;;T2026072866739I;;356715371221105;;0
3;;T2026072866740I;;866192062506744;;0
3;;T2026072866741I;;860247075283594;;0
3;;T2026072866742I;;350903436781232;;0
3;;T2026072866743I;;358334286078481;;0
3;;T2026072866744I;;869163072122613;;0
3;;T2026072866746I;;868570073911722;;0
3;;T2026072866747I;;353694961822817;;0
3;;T2026072866748I;;351273095241756;;0
3;;T2026072866749I;;352842930969018;;0
3;;T2026072866750I;;359732439343893;;0
3;;T2026072866751I;;352852871792790;;0
3;;T2026072866752I;;353936444304842;;0
3;;T2026072866753I;;356597458290496;;0
3;;T2026072866754I;;862842072572581;;0
3;;T2026072866755I;;862542079584627;;0
3;;T2026072866756I;;862542079584635;;0
3;;T2026072866757I;;867824072480283;;0
3;;T2026072866758I;;867824072480291;;0
3;;T2026072866759I;;353956844682340;;0
3;;Y2026072777060I;;357352403869930;;0
3;;Y2026072777061I;;359030883851150;;0
3;;Y2026072877188I;;868699076981562;;0
3;;Y2026072877189I;;356642159699775;;0
3;;Y2026072877190I;;864202077798194;;0
3;;Y2026072877191I;;351080263182427;;0
3;;Y2026072877192I;;350057330313756;;0
3;;Y2026072877193I;;358883223765162;;0
3;;Y2026072877194I;;350298714894389;;0
3;;Y2026072877195I;;357606533395697;;0
3;;Y2026072877196I;;356643955386047;;0
3;;Y2026072877197I;;350355613758956;;0
3;;Y2026072877198I;;350355613997828;;0
3;;A2026072782993I;;358348593517254;;0
3;;A2026072882996I;;358346692977619;;0
3;;A2026072882997I;;352539599273621;;0
3;;A2026072882998I;;351285621290123;;0
3;;A2026072882999I;;355289141290122;;0
3;;A2026072883000I;;863142083674602;;0
3;;A2026072883001I;;358729273892531;;0
3;;A2026072883003I;;357504142023142;;0
3;;A2026072883009I;;862269074216001;;0
3;;A2026072883010I;;350997793922108;;0
3;;A2026072883011I;;356616942218960;;0
3;;A2026072883012I;;355579668454741;;0
3;;A2026072883013I;;356278288162276;;0
3;;A2026072883014I;;356580797723856;;0
3;;A2026072883015I;;864151075524500;;0
3;;A2026072883016I;;358080224209478;;0
3;;A2026072883017I;;869292079506062;;0
3;;A2026072883018I;;351812470876379;;0
3;;A2026072883019I;;354484227917505;;0
3;;A2026072883020I;;869163071867036;;0
3;;A2026072883021I;;358397767210360;;0
3;;A2026072883022I;;357330771412996;;0
3;;A2026072883023I;;358361789060633;;0
3;;A2026072883024I;;352371191329944;;0
3;;A2026072883025I;;352181845209982;;0
3;;A2026072883027I;;354411844973686;;0
3;;A2026072883031I;;869203074634387;;0
3;;A2026072782979I;;357711915840624;;0
3;;A2026072782980I;;353791802294337;;0
3;;A2026072782981I;;350091875310026;;0
3;;A2026072782982I;;353684120818319;;0
3;;A2026072782983I;;861325088698765;;0
3;;A2026072782984I;;351376418084991;;0
3;;A2026072782985I;;358759850807453;;0
3;;A2026072782987I;;864265080472354;;0
3;;A2026072782990I;;356597450915603;;0
3;;A2026072782991I;;863791070977558;;0
3;;A2026072782992I;;353558247715386;;0
4;;T2026072766639E;;358298161079585;;0
4;;T2026072866760E;;358029699481997;;0
4;;T2026072866806E;;351273095794218;;0
4;;A2026072782986E;;358457887398840;;0
4;;A2026072782988E;;354512324289533;;0
4;;A2026072782989E;;862402089352186;;0
4;;A2026072882995E;;357555415900820;;0
4;;A2026072883006E;;354321296361779;;0
4;;A2026072883026E;;355109186655874;;0
4;;A2026072883030E;;354180794175192;;0
