T20260801;;10;;0;;0;;0;;1
1;;T2026073167536I;;868929048539408;;20260731;;20260731
1;;T2026073167537I;;862340059924487;;20260729;;20260729
1;;T2026073167538I;;867751071086102;;20260731;;20260731
1;;T2026080167549I;;350042731178701;;20260801;;20260801
1;;T2026080167550I;;354941520820942;;20260801;;20260801
1;;T2026080167551I;;356643950221017;;20260801;;20260801
1;;T2026080167552I;;863657060209569;;20260731;;20260731
1;;T2026080167553I;;350683542203160;;20260801;;20260801
1;;T2026080167554I;;357903251810879;;20260801;;20260801
1;;T2026080167555I;;356880928263651;;20260801;;20260801
