Y20260801;;2;;0;;177;;4;;1
1;;Y2026080177957I;;358561910554053;;20260718;;20260718
1;;Y2026080177958I;;865845082995681;;20260801;;20260801
3;;Y2026073077729I;;864812086900027;;0
3;;A2026072883034I;;358577781701870;;0
3;;A2026072883035I;;352464904696145;;0
3;;A2026072883036I;;359030886007891;;0
3;;A2026072883037I;;350987077380107;;0
3;;A2026072883038I;;359862248500126;;0
3;;A2026072883039I;;353514357364499;;0
3;;A2026072883040I;;350096143868390;;0
3;;A2026072883041I;;864012076472992;;0
3;;A2026072883042I;;860813044613144;;0
3;;A2026072883043I;;863353045771804;;0
3;;A2026072883044I;;862177082885842;;0
3;;A2026072983045I;;353989105373283;;0
3;;A2026072983046I;;860791071995032;;0
3;;A2026072983047I;;351393985245491;;0
3;;A2026072983048I;;351971368966252;;0
3;;A2026072983049I;;352094708862658;;0
3;;A2026072983050I;;356449701229675;;0
3;;A2026072983051I;;359935523697898;;0
3;;A2026072983054I;;357311283740280;;0
3;;A2026072983055I;;865955071920440;;0
3;;A2026072983056I;;865292083761764;;0
3;;A2026072983059I;;353791802304136;;0
3;;A2026072983060I;;860253061963561;;0
3;;A2026072983061I;;860253061963579;;0
3;;A2026072983062I;;350003569508583;;0
3;;A2026072983063I;;869229082133575;;0
3;;A2026072983064I;;352336428378642;;0
3;;A2026072983065I;;353227410502498;;0
3;;A2026072983066I;;356722734889016;;0
3;;A2026072983067I;;356597459474875;;0
3;;A2026072983068I;;869396084669086;;0
3;;A2026072983069I;;350204502539368;;0
3;;A2026072983070I;;356278288353602;;0
3;;A2026072983071I;;354710613166434;;0
3;;A2026072983072I;;350346897262245;;0
3;;A2026072983073I;;357903258660277;;0
3;;A2026072983074I;;354321594810725;;0
3;;A2026072983075I;;865366055199086;;0
3;;A2026072983076I;;359339512236257;;0
3;;A2026072983079I;;350634602020564;;0
3;;A2026072983080I;;354246517637428;;0
3;;A2026072983084I;;351397401119164;;0
3;;A2026072983085I;;356597453858594;;0
3;;A2026072983087I;;350466674529002;;0
4;;A2026072983086E;;352688834537777;;0
3;;Y2026073077775I;;358635148735450;;0
3;;Y2026073077776I;;356738844501085;;0
3;;Y2026073077777I;;869203074479726;;0
3;;Y2026073077778I;;357435935179306;;0
3;;T2026072967274I;;351448409069826;;0
3;;T2026073067360I;;359757427487790;;0
3;;T2026073067361I;;358158668810751;;0
3;;T2026073067362I;;352607113101428;;0
3;;T2026073067364I;;354832112595440;;0
3;;T2026073067365I;;355938101048058;;0
3;;T2026073067366I;;352788500460302;;0
3;;T2026073067368I;;352607112551581;;0
3;;T2026073067371I;;352607113105668;;0
3;;T2026073067372I;;355938101064402;;0
3;;T2026073067374I;;352607113103788;;0
3;;T2026073067375I;;352788500453182;;0
3;;T2026073067376I;;355938100878133;;0
3;;T2026073067377I;;355938101055830;;0
3;;T2026073067381I;;352607113105049;;0
3;;T2026073067378I;;355938101049809;;0
3;;T2026073067379I;;355938101061465;;0
3;;T2026073067380I;;352607111304834;;0
3;;T2026073067382I;;352607113095307;;0
3;;T2026073067383I;;352788500460161;;0
3;;T2026073067384I;;352607119371520;;0
3;;T2026073067385I;;352607119373542;;0
3;;T2026073067386I;;355938101063065;;0
3;;T2026073067387I;;352607119366728;;0
3;;T2026073067388I;;352788500452028;;0
3;;T2026073067391I;;354832112589435;;0
3;;T2026073067392I;;355938100877416;;0
3;;T2026073067393I;;352607113095828;;0
3;;T2026073067394I;;352788500463520;;0
3;;T2026073067395I;;354832112599426;;0
3;;T2026073067396I;;355938100649039;;0
3;;T2026073067398I;;352607111315293;;0
3;;T2026073067399I;;352788500461508;;0
3;;T2026073067400I;;355938100877788;;0
3;;T2026073067401I;;990017700540707;;0
3;;T2026073067402I;;867712068598863;;0
3;;T2026073067403I;;354844940237269;;0
3;;T2026073067404I;;359482933114966;;0
3;;T2026073067405I;;354046112074369;;0
3;;T2026073067406I;;354133895572338;;0
3;;T2026073067407I;;351273097447526;;0
3;;T2026073067408I;;860772076733552;;0
3;;T2026073067414I;;862481065518515;;0
3;;T2026073067409I;;358491094473633;;0
3;;T2026073067410I;;860247071068437;;0
3;;T2026073067411I;;867826061221040;;0
3;;T2026073067415I;;355604933143646;;0
3;;T2026073067416I;;351621981645441;;0
3;;T2026073067419I;;350889294669561;;0
3;;T2026073067367I;;356722735756701;;0
3;;T2026073067369I;;351500503895447;;0
3;;T2026073067421I;;865387054333492;;0
3;;T2026072967334I;;354484228008528;;0
3;;T2026072967335I;;862432059187593;;0
3;;T2026073067336I;;355900700559901;;0
3;;T2026073067338I;;354496521209934;;0
3;;T2026073067339I;;355445529121285;;0
3;;T2026073067340I;;354416439557547;;0
3;;T2026073067341I;;860253068626302;;0
3;;T2026073067342I;;860253068626310;;0
3;;T2026073067343I;;351183473068327;;0
3;;T2026073067344I;;358409817015705;;0
3;;T2026073067345I;;720003700056370;;0
3;;T2026073067346I;;350987072134830;;0
3;;T2026073067347I;;357813320609923;;0
3;;T2026073067348I;;867528074603699;;0
3;;T2026073067349I;;351955448698175;;0
3;;T2026073067350I;;868570074008585;;0
3;;T2026073067351I;;350249606616844;;0
3;;T2026073067353I;;355838610404604;;0
3;;T2026073067354I;;356416419165921;;0
3;;T2026073067356I;;350194540851687;;0
3;;T2026073067357I;;354844940556148;;0
3;;T2026073067358I;;357262974162013;;0
3;;T2026073067359I;;352057766377836;;0
4;;T2026073067352E;;354208272798514;;0
4;;T2026073067413E;;351448403270263;;0
3;;V2026073005520I;;352371195846224;;0
3;;V2026073005521I;;358256982329902;;0
3;;V2026073005541I;;354180995670579;;0
3;;V2026073005545I;;352016403804941;;0
3;;V2026073005546I;;356298311173298;;0
3;;V2026073005550I;;350811299159463;;0
3;;V2026073005560I;;356203158960906;;0
3;;V2026073005561I;;866589063230804;;0
3;;V2026073005563I;;359132197859216;;0
3;;A2026072983088I;;354790159265121;;0
3;;A2026072983091I;;863557730799454;;0
3;;A2026072983092I;;358330277163829;;0
3;;A2026072983093I;;860772074944839;;0
3;;A2026072983094I;;869118075664847;;0
3;;A2026072983095I;;355579668025665;;0
3;;A2026072983096I;;352760497377328;;0
3;;A2026072983097I;;354133894596973;;0
3;;A2026073083098I;;354935411319964;;0
3;;A2026073083099I;;863464072866985;;0
3;;A2026073083100I;;350612766068116;;0
3;;A2026073083101I;;356004163595665;;0
3;;A2026073083102I;;358992753170386;;0
3;;A2026073083103I;;352149875335605;;0
3;;A2026073083104I;;352149874470098;;0
3;;A2026073083105I;;353840105076949;;0
3;;A2026073083106I;;860772072811832;;0
3;;A2026073083107I;;860885074649404;;0
3;;A2026073083108I;;893401325230217;;0
3;;A2026073083109I;;354833965736552;;0
3;;A2026073083110I;;350889296099593;;0
3;;A2026073083111I;;862998073018766;;0
3;;A2026073083112I;;355462115723291;;0
3;;A2026073083113I;;353887390357195;;0
3;;A2026073083114I;;352432791308835;;0
3;;A2026073083115I;;352242380096588;;0
3;;A2026073083116I;;358318961334822;;0
3;;A2026073083117I;;358577783648897;;0
3;;A2026073083118I;;865254077479738;;0
3;;A2026073083119I;;350453408428800;;0
3;;A2026073083120I;;358080220959183;;0
3;;A2026073083121I;;357358146985594;;0
3;;A2026073083122I;;356738845348866;;0
3;;A2026073083123I;;351829319676166;;0
3;;A2026073083124I;;865963084777583;;0
3;;A2026073083127I;;352033861342348;;0
3;;A2026073083128I;;358974105404374;;0
3;;A2026073083129I;;356722734151268;;0
3;;A2026073083130I;;357440803464988;;0
3;;A2026073083131I;;352689514262447;;0
3;;A2026073083132I;;866068052559564;;0
3;;A2026073083133I;;353794233278705;;0
3;;A2026073083134I;;356738842035540;;0
3;;A2026073083137I;;359620572727974;;0
4;;A2026073083138E;;351218522544678;;0
